[1,["f6SJZOjTJB/JrJeh5xTdF7","3dFWXPyDVCPIWgJ0pf39bK@73b7f","3dFWXPyDVCPIWgJ0pf39bK@583b7","3dFWXPyDVCPIWgJ0pf39bK@a562b","3dFWXPyDVCPIWgJ0pf39bK@91dcf","3dFWXPyDVCPIWgJ0pf39bK@7fd11","3dFWXPyDVCPIWgJ0pf39bK@7ea6b","3dFWXPyDVCPIWgJ0pf39bK@30732","3dFWXPyDVCPIWgJ0pf39bK@55b43","3dFWXPyDVCPIWgJ0pf39bK@8d41b","3dFWXPyDVCPIWgJ0pf39bK@f1394"],["_parent","node","mainTexture","_effectAsset","_mesh","_skeleton","normalMap","root","data","_defaultClip"],[["cc.Node",["_name","_prefab","_parent","_children","_lpos","_lrot","_euler","_components","_lscale"],2,4,1,2,5,5,5,9,5],["cc.Node",["_name","_parent","_children","_prefab","_lpos","_lrot","_euler","_lscale"],2,1,9,4,5,5,5,5],["cc.Node",["_name","_children","_prefab","_lpos","_lrot","_euler","_parent"],2,12,4,5,5,5,1],["cc.Skeleton",["_name","_hash","_joints","_bindposes"],0,12],["cc.Material",["_name","_states","_defines","_props"],0,12],["cc.Mesh",["_native","_hash","_struct"],1,11],["cc.Prefab",["_name"],2],["cc.SkeletalAnimation",["node","__prefab","_clips","_defaultClip"],3,1,4,3,6],["cc.CompPrefabInfo",["fileId"],2],["cc.PrefabInfo",["fileId","instance","targetOverrides","nestedPrefabInstanceRoots","root","asset"],-1,1,1],["cc.SkinnedMeshRenderer",["node","__prefab","_materials","bakeSettings","_skinningRoot","_mesh","_skeleton"],3,1,4,3,4,1,6,6],["cc.ModelBakeSettings",[],3]],[[9,0,1,2,3,4,5,5],[0,0,2,3,1,4,5,6,2],[0,0,2,1,4,2],[1,0,1,2,3,4,5,6,2],[0,0,2,3,1,4,5,8,6,2],[2,0,6,1,2,3,4,5,2],[0,0,3,1,4,5,6,2],[8,0,2],[3,0,1,2,3,4],[4,0,1,2,3,4],[5,0,1,2,3],[0,0,2,3,1,2],[0,0,2,7,1,2],[0,0,2,1,4,5,6,2],[1,0,1,2,3,4,5,7,6,2],[1,0,1,2,3,4,2],[10,0,1,2,3,4,5,6,1],[11,1],[6,0,2],[0,0,3,7,1,2],[2,0,1,2,3,4,5,2],[7,0,1,2,3,1]],[[[[8,"Skin-0",374702284,["Group/DeformationSystem/Root_M/Spine1_M/Chest_M/Scapula_L/Shoulder_L/Elbow_L/ElbowPart1_L/Wrist_L/Weapon_M","Group/DeformationSystem/Root_M/Spine1_M/Chest_M/Scapula_L/Shoulder_L/Elbow_L/ElbowPart1_L/Wrist_L/Weapon_M/Weapon_D1_R","Group/DeformationSystem/Root_M/Spine1_M/Chest_M/Scapula_L/Shoulder_L/Elbow_L/ElbowPart1_L/Wrist_L/Weapon_M/Weapon_D1_R/Weapon_D2_R","Group/DeformationSystem/Root_M/Spine1_M/Chest_M/Scapula_L/Shoulder_L/Elbow_L/ElbowPart1_L/Wrist_L/Weapon_M/Weapon_D1_R/Weapon_D2_R/Weapon_D3_R","Group/DeformationSystem/Root_M/Spine1_M/Chest_M/Scapula_L/Shoulder_L/Elbow_L/ElbowPart1_L/Wrist_L/Weapon_M/Weapon_D1_R/Weapon_D2_R/Weapon_D3_R/Weapon_D4_R","Group/DeformationSystem/Root_M/Spine1_M/Chest_M/Scapula_L/Shoulder_L/Elbow_L/ElbowPart1_L/Wrist_L/Weapon_M/Weapon_D1_L","Group/DeformationSystem/Root_M/Spine1_M/Chest_M/Scapula_L/Shoulder_L/Elbow_L/ElbowPart1_L/Wrist_L/Weapon_M/Weapon_D1_L/Weapon_D2_L","Group/DeformationSystem/Root_M/Spine1_M/Chest_M/Scapula_L/Shoulder_L/Elbow_L/ElbowPart1_L/Wrist_L/Weapon_M/Weapon_D1_L/Weapon_D2_L/Weapon_D3_L","Group/DeformationSystem/Root_M/Spine1_M/Chest_M/Scapula_L/Shoulder_L/Elbow_L/ElbowPart1_L/Wrist_L/Weapon_M/Weapon_D1_L/Weapon_D2_L/Weapon_D3_L/Weapon_D4_L"],[[[7,6.123234262925839e-17,-1,0,0,1,6.123234262925839e-17,0,0,0,0,1,0,-16.4067325592041,-1.004622685937134e-15,0.06349554657936096,1],[7,-0.9999859929084778,-0.005347520112991333,6.548821479818939e-19,0,-0.005347520112991333,0.9999859929084778,-1.2246292501817327e-16,0,-2.4130434157664682e-33,-1.2246471172829639e-16,-1,0,-0.9025061130523682,-16.389598846435547,2.007146424230972e-15,1],[7,-0.9359319806098938,-0.35218098759651184,4.312972984282935e-17,0,-0.35218098759651184,0.9359319806098938,-1.146186058332104e-16,0,1.1629273758165166e-31,-1.2246468525851679e-16,-1,0,3.086681842803955,-15.873324394226074,1.9439213439490692e-15,1],[7,-0.6397759914398193,-0.7685620188713074,9.412165920674251e-17,0,-0.7685620188713074,0.6397759914398193,-7.834992558120214e-17,0,7.681040083417766e-33,-1.22464738198076e-16,-1,0,9.25998592376709,-12.777131080627441,1.564746621594208e-15,1],[7,-0.8373990058898926,-0.5465919971466064,6.693821464231448e-17,0,-0.5465919971466064,0.8373990058898926,-1.0255180755385014e-16,0,-1.4075027287889981e-31,-1.2246467202362698e-16,-1,0,3.850325107574463,-14.57990837097168,1.78552385347191e-15,1],[7,-0.9999859929084778,-0.005347520112991333,0,0,0.005347520112991333,-0.9999859929084778,0,0,0,0,1,0,0.9025061130523682,16.389598846435547,0,1],[7,-0.9359319806098938,-0.35218098759651184,0,0,0.35218098759651184,-0.9359319806098938,0,0,0,0,1,0,-3.086681842803955,15.873324394226074,0,1],[7,-0.6397759914398193,-0.7685620188713074,0,0,0.7685620188713074,-0.6397759914398193,0,0,0,0,1,0,-9.25998592376709,12.777131080627441,0,1],[7,-0.8373990058898926,-0.5465919971466064,0,0,0.5465919971466064,-0.8373990058898926,0,0,0,0,1,0,-3.850325107574463,14.57990837097168,0,1]],8,8,8,8,8,8,8,8,8]]],0,0,[],[],[]],[[[9,"lambert3",[{"rasterizerState":{},"blendState":{"targets":[{}]},"depthStencilState":{}}],[{"USE_ALBEDO_MAP":true,"DCC_APP_NAME":5}],[[[{"albedoScale":0.800000011920929,"emissiveScale":1},"mainColor",8,[4,4294967295],"emissive",8,[4,4278190080],"mainTexture",6,0]],11]]],0,0,[0,0],[2,3],[2,0]],[[[10,".bin",3266719328,[{"primitives":[{"primitiveMode":7,"jointMapIndex":0,"vertexBundelIndices":[0],"indexView":{"offset":130536,"length":12546,"count":6273,"stride":2}}],"vertexBundles":[{"view":{"offset":0,"length":130536,"count":1813,"stride":72},"attributes":[{"name":"a_position","format":32,"isNormalized":false},{"name":"a_normal","format":32,"isNormalized":false},{"name":"a_texCoord","format":21,"isNormalized":false},{"name":"a_tangent","format":44,"isNormalized":false},{"name":"a_joints","format":42,"isNormalized":false},{"name":"a_weights","format":44,"isNormalized":false}]}],"jointMaps":[[0,1,2,3,4,5,6,7,8]]},"minPosition",8,[1,-5.6061110496521,13.786687850952148,-0.2808547019958496],"maxPosition",8,[1,5.606110095977783,17.837923049926758,1.1887871026992798]]],-1],0,0,[],[],[]],[[[9,"TI_tex_weapon_700",[{"rasterizerState":{},"blendState":{"targets":[{}]},"depthStencilState":{}}],[{"USE_ALBEDO_MAP":true,"USE_NORMAL_MAP":true,"DCC_APP_NAME":5}],[[[{"albedoScale":0.800000011920929,"emissiveScale":1},"mainColor",8,[4,4294967295],"emissive",8,[4,4278190080],"mainTexture",6,0,"normalMap",6,1]],11]]],0,0,[0,0,0],[2,6,3],[3,4,0]],[[[10,".bin",306973910,[{"primitives":[{"primitiveMode":7,"jointMapIndex":0,"vertexBundelIndices":[0],"indexView":{"offset":746136,"length":79476,"count":39738,"stride":2}}],"vertexBundles":[{"view":{"offset":0,"length":746136,"count":10363,"stride":72},"attributes":[{"name":"a_position","format":32,"isNormalized":false},{"name":"a_normal","format":32,"isNormalized":false},{"name":"a_texCoord","format":21,"isNormalized":false},{"name":"a_tangent","format":44,"isNormalized":false},{"name":"a_joints","format":42,"isNormalized":false},{"name":"a_weights","format":44,"isNormalized":false}]}],"jointMaps":[[0,1,2,3,4,6,7,8,9,10,12,13,14,15,17,18,19,20,21,23,24,25,26,27,28,29,30,32,33,34,36,37,38,40,41,42,43,45,46,47,49,51,53,54,55,56,57,58,59,60,62,63,64,66,67,68,70,71,72,73,75,76,77,79,81,83,84,85,86,88,89,90,92,94,96,98,99,100,102,104,106,108,109,110,111,113,115,117,119]]},"minPosition",8,[1,-3.2005722522735596,-8.106231774718253e-8,-4.44752836227417],"maxPosition",8,[1,3.2005722522735596,11.742405891418457,1.2065613269805908]]],-1],0,0,[],[],[]],[[[8,"Skin-1",4068526812,["Group/DeformationSystem/Root_M","Group/DeformationSystem/Root_M/Spine1_M","Group/DeformationSystem/Root_M/Spine1_M/Chest_M","Group/DeformationSystem/Root_M/Spine1_M/Chest_M/Neck_M","Group/DeformationSystem/Root_M/Spine1_M/Chest_M/Neck_M/Head_M","Group/DeformationSystem/Root_M/Spine1_M/Chest_M/Neck_M/Head_M/HeadEnd_M","Group/DeformationSystem/Root_M/Spine1_M/Chest_M/Neck_M/Head_M/HairSide1_R","Group/DeformationSystem/Root_M/Spine1_M/Chest_M/Neck_M/Head_M/HairSide1_R/HairSide2_R","Group/DeformationSystem/Root_M/Spine1_M/Chest_M/Neck_M/Head_M/HairSide1_R/HairSide2_R/HairSide3_R","Group/DeformationSystem/Root_M/Spine1_M/Chest_M/Neck_M/Head_M/HairSide1_R/HairSide2_R/HairSide3_R/HairSide4_R","Group/DeformationSystem/Root_M/Spine1_M/Chest_M/Neck_M/Head_M/HairSide1_R/HairSide2_R/HairSide3_R/HairSide4_R/HairSide5_R","Group/DeformationSystem/Root_M/Spine1_M/Chest_M/Neck_M/Head_M/HairSide1_R/HairSide2_R/HairSide3_R/HairSide4_R/HairSide5_R/HairSide5_end_R","Group/DeformationSystem/Root_M/Spine1_M/Chest_M/Neck_M/Head_M/HairBack1_M","Group/DeformationSystem/Root_M/Spine1_M/Chest_M/Neck_M/Head_M/HairBack1_M/HairBack2_M","Group/DeformationSystem/Root_M/Spine1_M/Chest_M/Neck_M/Head_M/HairBack1_M/HairBack2_M/HairBack3_M","Group/DeformationSystem/Root_M/Spine1_M/Chest_M/Neck_M/Head_M/HairBack1_M/HairBack2_M/HairBack3_M/HairBack4_M","Group/DeformationSystem/Root_M/Spine1_M/Chest_M/Neck_M/Head_M/HairBack1_M/HairBack2_M/HairBack3_M/HairBack4_M/HairBack4_end_M","Group/DeformationSystem/Root_M/Spine1_M/Chest_M/Neck_M/Head_M/HairSide1_L","Group/DeformationSystem/Root_M/Spine1_M/Chest_M/Neck_M/Head_M/HairSide1_L/HairSide2_L","Group/DeformationSystem/Root_M/Spine1_M/Chest_M/Neck_M/Head_M/HairSide1_L/HairSide2_L/HairSide3_L","Group/DeformationSystem/Root_M/Spine1_M/Chest_M/Neck_M/Head_M/HairSide1_L/HairSide2_L/HairSide3_L/HairSide4_L","Group/DeformationSystem/Root_M/Spine1_M/Chest_M/Neck_M/Head_M/HairSide1_L/HairSide2_L/HairSide3_L/HairSide4_L/HairSide5_L","Group/DeformationSystem/Root_M/Spine1_M/Chest_M/Neck_M/Head_M/HairSide1_L/HairSide2_L/HairSide3_L/HairSide4_L/HairSide5_L/HairSide5_end_L","Group/DeformationSystem/Root_M/Spine1_M/Chest_M/Scapula_R","Group/DeformationSystem/Root_M/Spine1_M/Chest_M/Scapula_R/Shoulder_R","Group/DeformationSystem/Root_M/Spine1_M/Chest_M/Scapula_R/Shoulder_R/Elbow_R","Group/DeformationSystem/Root_M/Spine1_M/Chest_M/Scapula_R/Shoulder_R/Elbow_R/ElbowPart1_R","Group/DeformationSystem/Root_M/Spine1_M/Chest_M/Scapula_R/Shoulder_R/Elbow_R/ElbowPart1_R/Wrist_R","Group/DeformationSystem/Root_M/Spine1_M/Chest_M/Scapula_R/Shoulder_R/Elbow_R/ElbowPart1_R/Wrist_R/MiddleFinger1_R","Group/DeformationSystem/Root_M/Spine1_M/Chest_M/Scapula_R/Shoulder_R/Elbow_R/ElbowPart1_R/Wrist_R/MiddleFinger1_R/MiddleFinger2_R","Group/DeformationSystem/Root_M/Spine1_M/Chest_M/Scapula_R/Shoulder_R/Elbow_R/ElbowPart1_R/Wrist_R/MiddleFinger1_R/MiddleFinger2_R/MiddleFinger3_R","Group/DeformationSystem/Root_M/Spine1_M/Chest_M/Scapula_R/Shoulder_R/Elbow_R/ElbowPart1_R/Wrist_R/MiddleFinger1_R/MiddleFinger2_R/MiddleFinger3_R/MiddleFinger4_R","Group/DeformationSystem/Root_M/Spine1_M/Chest_M/Scapula_R/Shoulder_R/Elbow_R/ElbowPart1_R/Wrist_R/ThumbFinger1_R","Group/DeformationSystem/Root_M/Spine1_M/Chest_M/Scapula_R/Shoulder_R/Elbow_R/ElbowPart1_R/Wrist_R/ThumbFinger1_R/ThumbFinger2_R","Group/DeformationSystem/Root_M/Spine1_M/Chest_M/Scapula_R/Shoulder_R/Elbow_R/ElbowPart1_R/Wrist_R/ThumbFinger1_R/ThumbFinger2_R/ThumbFinger3_R","Group/DeformationSystem/Root_M/Spine1_M/Chest_M/Scapula_R/Shoulder_R/Elbow_R/ElbowPart1_R/Wrist_R/ThumbFinger1_R/ThumbFinger2_R/ThumbFinger3_R/ThumbFinger4_R","Group/DeformationSystem/Root_M/Spine1_M/Chest_M/Scapula_R/Shoulder_R/Elbow_R/ElbowPart1_R/Wrist_R/IndexFinger1_R","Group/DeformationSystem/Root_M/Spine1_M/Chest_M/Scapula_R/Shoulder_R/Elbow_R/ElbowPart1_R/Wrist_R/IndexFinger1_R/IndexFinger2_R","Group/DeformationSystem/Root_M/Spine1_M/Chest_M/Scapula_R/Shoulder_R/Elbow_R/ElbowPart1_R/Wrist_R/IndexFinger1_R/IndexFinger2_R/IndexFinger3_R","Group/DeformationSystem/Root_M/Spine1_M/Chest_M/Scapula_R/Shoulder_R/Elbow_R/ElbowPart1_R/Wrist_R/IndexFinger1_R/IndexFinger2_R/IndexFinger3_R/IndexFinger4_R","Group/DeformationSystem/Root_M/Spine1_M/Chest_M/Scapula_R/Shoulder_R/Elbow_R/ElbowPart1_R/Wrist_R/Cup_R","Group/DeformationSystem/Root_M/Spine1_M/Chest_M/Scapula_R/Shoulder_R/Elbow_R/ElbowPart1_R/Wrist_R/Cup_R/PinkyFinger1_R","Group/DeformationSystem/Root_M/Spine1_M/Chest_M/Scapula_R/Shoulder_R/Elbow_R/ElbowPart1_R/Wrist_R/Cup_R/PinkyFinger1_R/PinkyFinger2_R","Group/DeformationSystem/Root_M/Spine1_M/Chest_M/Scapula_R/Shoulder_R/Elbow_R/ElbowPart1_R/Wrist_R/Cup_R/PinkyFinger1_R/PinkyFinger2_R/PinkyFinger3_R","Group/DeformationSystem/Root_M/Spine1_M/Chest_M/Scapula_R/Shoulder_R/Elbow_R/ElbowPart1_R/Wrist_R/Cup_R/PinkyFinger1_R/PinkyFinger2_R/PinkyFinger3_R/PinkyFinger4_R","Group/DeformationSystem/Root_M/Spine1_M/Chest_M/Scapula_R/Shoulder_R/Elbow_R/ElbowPart1_R/Wrist_R/Cup_R/RingFinger1_R","Group/DeformationSystem/Root_M/Spine1_M/Chest_M/Scapula_R/Shoulder_R/Elbow_R/ElbowPart1_R/Wrist_R/Cup_R/RingFinger1_R/RingFinger2_R","Group/DeformationSystem/Root_M/Spine1_M/Chest_M/Scapula_R/Shoulder_R/Elbow_R/ElbowPart1_R/Wrist_R/Cup_R/RingFinger1_R/RingFinger2_R/RingFinger3_R","Group/DeformationSystem/Root_M/Spine1_M/Chest_M/Scapula_R/Shoulder_R/Elbow_R/ElbowPart1_R/Wrist_R/Cup_R/RingFinger1_R/RingFinger2_R/RingFinger3_R/RingFinger4_R","Group/DeformationSystem/Root_M/Spine1_M/Chest_M/Scapula_R/ArmorShoulder1_R","Group/DeformationSystem/Root_M/Spine1_M/Chest_M/Scapula_R/ArmorShoulder1_R/ArmorShoulder1_end_R","Group/DeformationSystem/Root_M/Spine1_M/Chest_M/Scapula_R/ArmorShoulder1_R/ArmorShoulder2_R","Group/DeformationSystem/Root_M/Spine1_M/Chest_M/Scapula_R/ArmorShoulder1_R/ArmorShoulder2_R/ArmorShoulder2_end_R","Group/DeformationSystem/Root_M/Spine1_M/Chest_M/Scapula_L","Group/DeformationSystem/Root_M/Spine1_M/Chest_M/Scapula_L/Shoulder_L","Group/DeformationSystem/Root_M/Spine1_M/Chest_M/Scapula_L/Shoulder_L/Elbow_L","Group/DeformationSystem/Root_M/Spine1_M/Chest_M/Scapula_L/Shoulder_L/Elbow_L/ElbowPart1_L","Group/DeformationSystem/Root_M/Spine1_M/Chest_M/Scapula_L/Shoulder_L/Elbow_L/ElbowPart1_L/Wrist_L","Group/DeformationSystem/Root_M/Spine1_M/Chest_M/Scapula_L/Shoulder_L/Elbow_L/ElbowPart1_L/Wrist_L/MiddleFinger1_L","Group/DeformationSystem/Root_M/Spine1_M/Chest_M/Scapula_L/Shoulder_L/Elbow_L/ElbowPart1_L/Wrist_L/MiddleFinger1_L/MiddleFinger2_L","Group/DeformationSystem/Root_M/Spine1_M/Chest_M/Scapula_L/Shoulder_L/Elbow_L/ElbowPart1_L/Wrist_L/MiddleFinger1_L/MiddleFinger2_L/MiddleFinger3_L","Group/DeformationSystem/Root_M/Spine1_M/Chest_M/Scapula_L/Shoulder_L/Elbow_L/ElbowPart1_L/Wrist_L/MiddleFinger1_L/MiddleFinger2_L/MiddleFinger3_L/MiddleFinger4_L","Group/DeformationSystem/Root_M/Spine1_M/Chest_M/Scapula_L/Shoulder_L/Elbow_L/ElbowPart1_L/Wrist_L/ThumbFinger1_L","Group/DeformationSystem/Root_M/Spine1_M/Chest_M/Scapula_L/Shoulder_L/Elbow_L/ElbowPart1_L/Wrist_L/ThumbFinger1_L/ThumbFinger2_L","Group/DeformationSystem/Root_M/Spine1_M/Chest_M/Scapula_L/Shoulder_L/Elbow_L/ElbowPart1_L/Wrist_L/ThumbFinger1_L/ThumbFinger2_L/ThumbFinger3_L","Group/DeformationSystem/Root_M/Spine1_M/Chest_M/Scapula_L/Shoulder_L/Elbow_L/ElbowPart1_L/Wrist_L/ThumbFinger1_L/ThumbFinger2_L/ThumbFinger3_L/ThumbFinger4_L","Group/DeformationSystem/Root_M/Spine1_M/Chest_M/Scapula_L/Shoulder_L/Elbow_L/ElbowPart1_L/Wrist_L/IndexFinger1_L","Group/DeformationSystem/Root_M/Spine1_M/Chest_M/Scapula_L/Shoulder_L/Elbow_L/ElbowPart1_L/Wrist_L/IndexFinger1_L/IndexFinger2_L","Group/DeformationSystem/Root_M/Spine1_M/Chest_M/Scapula_L/Shoulder_L/Elbow_L/ElbowPart1_L/Wrist_L/IndexFinger1_L/IndexFinger2_L/IndexFinger3_L","Group/DeformationSystem/Root_M/Spine1_M/Chest_M/Scapula_L/Shoulder_L/Elbow_L/ElbowPart1_L/Wrist_L/IndexFinger1_L/IndexFinger2_L/IndexFinger3_L/IndexFinger4_L","Group/DeformationSystem/Root_M/Spine1_M/Chest_M/Scapula_L/Shoulder_L/Elbow_L/ElbowPart1_L/Wrist_L/Cup_L","Group/DeformationSystem/Root_M/Spine1_M/Chest_M/Scapula_L/Shoulder_L/Elbow_L/ElbowPart1_L/Wrist_L/Cup_L/PinkyFinger1_L","Group/DeformationSystem/Root_M/Spine1_M/Chest_M/Scapula_L/Shoulder_L/Elbow_L/ElbowPart1_L/Wrist_L/Cup_L/PinkyFinger1_L/PinkyFinger2_L","Group/DeformationSystem/Root_M/Spine1_M/Chest_M/Scapula_L/Shoulder_L/Elbow_L/ElbowPart1_L/Wrist_L/Cup_L/PinkyFinger1_L/PinkyFinger2_L/PinkyFinger3_L","Group/DeformationSystem/Root_M/Spine1_M/Chest_M/Scapula_L/Shoulder_L/Elbow_L/ElbowPart1_L/Wrist_L/Cup_L/PinkyFinger1_L/PinkyFinger2_L/PinkyFinger3_L/PinkyFinger4_L","Group/DeformationSystem/Root_M/Spine1_M/Chest_M/Scapula_L/Shoulder_L/Elbow_L/ElbowPart1_L/Wrist_L/Cup_L/RingFinger1_L","Group/DeformationSystem/Root_M/Spine1_M/Chest_M/Scapula_L/Shoulder_L/Elbow_L/ElbowPart1_L/Wrist_L/Cup_L/RingFinger1_L/RingFinger2_L","Group/DeformationSystem/Root_M/Spine1_M/Chest_M/Scapula_L/Shoulder_L/Elbow_L/ElbowPart1_L/Wrist_L/Cup_L/RingFinger1_L/RingFinger2_L/RingFinger3_L","Group/DeformationSystem/Root_M/Spine1_M/Chest_M/Scapula_L/Shoulder_L/Elbow_L/ElbowPart1_L/Wrist_L/Cup_L/RingFinger1_L/RingFinger2_L/RingFinger3_L/RingFinger4_L","Group/DeformationSystem/Root_M/Spine1_M/Chest_M/Scapula_L/ArmorShoulder1_L","Group/DeformationSystem/Root_M/Spine1_M/Chest_M/Scapula_L/ArmorShoulder1_L/ArmorShoulder1_end_L","Group/DeformationSystem/Root_M/Spine1_M/Chest_M/Scapula_L/ArmorShoulder1_L/ArmorShoulder2_L","Group/DeformationSystem/Root_M/Spine1_M/Chest_M/Scapula_L/ArmorShoulder1_L/ArmorShoulder2_L/ArmorShoulder2_end_L","Group/DeformationSystem/Root_M/Hip_R","Group/DeformationSystem/Root_M/Hip_R/Knee_R","Group/DeformationSystem/Root_M/Hip_R/Knee_R/Ankle_R","Group/DeformationSystem/Root_M/Hip_R/Knee_R/Ankle_R/Toes_R","Group/DeformationSystem/Root_M/Hip_R/Knee_R/Ankle_R/Toes_R/ToesEnd_R","Group/DeformationSystem/Root_M/ClothFront1_M","Group/DeformationSystem/Root_M/ClothFront1_M/ClothFront2_M","Group/DeformationSystem/Root_M/ClothFront1_M/ClothFront2_M/ClothFront3_M","Group/DeformationSystem/Root_M/ClothFront1_M/ClothFront2_M/ClothFront3_M/ClothFront3_end_M","Group/DeformationSystem/Root_M/ArmorHip1_R","Group/DeformationSystem/Root_M/ArmorHip1_R/ArmorHip1_end_R","Group/DeformationSystem/Root_M/ArmorHip1_R/ArmorHip2_R","Group/DeformationSystem/Root_M/ArmorHip1_R/ArmorHip2_R/ArmorHip2_end_R","Group/DeformationSystem/Root_M/ArmorHip1_R/ArmorHip2_R/ArmorHip3_R","Group/DeformationSystem/Root_M/ArmorHip1_R/ArmorHip2_R/ArmorHip3_R/ArmorHip3_end_R","Group/DeformationSystem/Root_M/ClothBack1_M","Group/DeformationSystem/Root_M/ClothBack1_M/ClothBack2_M","Group/DeformationSystem/Root_M/ClothBack1_M/ClothBack2_M/ClothBack3_M","Group/DeformationSystem/Root_M/ClothBack1_M/ClothBack2_M/ClothBack3_M/ClothBack3_end_M","Group/DeformationSystem/Root_M/RopeFront_M","Group/DeformationSystem/Root_M/RopeFront_M/RopeFront_end_M","Group/DeformationSystem/Root_M/RopeBack_M","Group/DeformationSystem/Root_M/RopeBack_M/RopeBack_end_M","Group/DeformationSystem/Root_M/RopeSide_R","Group/DeformationSystem/Root_M/RopeSide_R/RopeSide_end_R","Group/DeformationSystem/Root_M/Hip_L","Group/DeformationSystem/Root_M/Hip_L/Knee_L","Group/DeformationSystem/Root_M/Hip_L/Knee_L/Ankle_L","Group/DeformationSystem/Root_M/Hip_L/Knee_L/Ankle_L/Toes_L","Group/DeformationSystem/Root_M/Hip_L/Knee_L/Ankle_L/Toes_L/ToesEnd_L","Group/DeformationSystem/Root_M/ArmorHip1_L","Group/DeformationSystem/Root_M/ArmorHip1_L/ArmorHip1_end_L","Group/DeformationSystem/Root_M/ArmorHip1_L/ArmorHip2_L","Group/DeformationSystem/Root_M/ArmorHip1_L/ArmorHip2_L/ArmorHip2_end_L","Group/DeformationSystem/Root_M/ArmorHip1_L/ArmorHip2_L/ArmorHip3_L","Group/DeformationSystem/Root_M/ArmorHip1_L/ArmorHip2_L/ArmorHip3_L/ArmorHip3_end_L","Group/DeformationSystem/Root_M/RopeSide_L","Group/DeformationSystem/Root_M/RopeSide_L/RopeSide_end_L"],[[[7,6.118623227319224e-17,-6.360778035538407e-17,1,0,0.9992470145225525,-0.038794100284576416,-6.360779359027387e-17,0,0.038794100284576416,0.9992470145225525,6.118624550808204e-17,0,-4.340580463409424,0.17000021040439606,2.7639720037290246e-16,1],[7,6.123197205234397e-17,-6.101771242135803e-17,1,0,0.9999939799308777,0.003505330067127943,-6.101769918646823e-17,0,-0.003505330067127943,0.9999939799308777,6.123196543489907e-17,0,-4.936511993408203,-0.038831811398267746,2.9990284111524213e-16,1],[7,6.055841542315429e-17,-5.217270321855301e-17,1,0,0.9889940023422241,0.1479550004005432,-5.217270983599791e-17,0,-0.1479550004005432,0.9889940023422241,6.055842204059919e-17,0,-5.6158976554870605,-0.8592739701271057,2.9525930061927565e-16,1],[7,5.848147740159694e-17,-7.937955368559385e-17,1,0,0.9550750255584717,-0.29636600613594055,-7.937951398092444e-17,0,0.29636600613594055,0.9550750255584717,5.848144431437244e-17,0,-6.346978187561035,2.1071362495422363,5.384435979765081e-16,1],[7,6.123234262925839e-17,-6.123234262925839e-17,1,0,1,3.7493993930529855e-33,-6.123234262925839e-17,0,0,1,6.123234262925839e-17,0,-7.280981540679932,-0.05308070033788681,4.4258127944571315e-16,1],[7,6.123234262925839e-17,-6.123234262925839e-17,1,0,1,3.7493993930529855e-33,-6.123234262925839e-17,0,0,1,6.123234262925839e-17,0,-9.347314834594727,-0.05308070033788681,5.691076729747715e-16,1],[7,-0.25252437591552734,0.012756154872477055,0.9675059914588928,0,-0.9573988914489746,0.14145398139953613,-0.25175100564956665,0,-0.14006900787353516,-0.9898629784584045,-0.023507826030254364,0,7.912755489349365,-1.844083309173584,2.4327352046966553,1],[7,-0.19087190926074982,0.18008491396903992,-0.9649550318717957,0,-0.7390850782394409,0.6205690503120422,0.26200780272483826,0,0.6460049152374268,0.7631930112838745,0.014648874290287495,0,5.98994779586792,-3.9869539737701416,-2.5158298015594482,1],[7,0.04694894701242447,0.030966944992542267,-0.9984170198440552,0,-0.3426826596260071,0.9393609762191772,0.01302114874124527,0,0.9382771253585815,0.3415290117263794,0.05471384525299072,0,2.823403835296631,-6.512921333312988,-0.7567905187606812,1],[7,0.18874108791351318,0.11167079210281372,-0.975657045841217,0,-0.6262216567993164,0.7789890170097351,-0.03198205307126045,0,0.7564542889595032,0.6170140504837036,0.21695788204669952,0,4.297406196594238,-5.406214237213135,-0.46187877655029297,1],[7,0.23364785313606262,0.16110308468341827,-0.9588820934295654,0,-0.9124609231948853,0.37700802087783813,-0.15899524092674255,0,0.3358912467956543,0.9120919704437256,0.23508740961551666,0,5.947312831878662,-2.8985068798065186,0.37306681275367737,1],[7,0.23364785313606262,0.16110308468341827,-0.9588820934295654,0,-0.9124609231948853,0.37700802087783813,-0.15899524092674255,0,0.3358912467956543,0.9120919704437256,0.23508740961551666,0,5.274551868438721,-2.8985068798065186,0.37306681275367737,1],[7,2.2977313867657146e-17,-1.1799003519129893e-16,-1,0,0.375247985124588,-0.9269239902496338,1.1799008813085813e-16,0,-0.9269239902496338,-0.375247985124588,2.297732213946327e-17,0,-3.3522045612335205,7.6457905769348145,-9.79152616971434e-16,1],[7,3.049983001583484e-17,-1.1432815294164098e-16,-1,0,0.49810001254081726,-0.8671200275421143,1.1432811323697158e-16,0,-0.8671200275421143,-0.49810001254081726,3.049981678094504e-17,0,-5.596015453338623,6.947818756103516,-9.65008119664353e-16,1],[7,3.9305283441747575e-17,-1.0818437812974422e-16,-1,0,0.6419039964675903,-0.7667850255966187,1.0818437812974422e-16,0,-0.7667850255966187,-0.6419039964675903,3.9305283441747575e-17,0,-8.004035949707031,5.636384963989258,-9.243697023165781e-16,1],[7,5.19174915298008e-17,-9.369729570016811e-17,-1,0,0.847877025604248,-0.5301929712295532,9.369729570016811e-17,0,-0.5301929712295532,-0.847877025604248,5.19174915298008e-17,0,-10.769285202026367,2.419017791748047,-7.85769701157357e-16,1],[7,5.19174915298008e-17,-9.369729570016811e-17,-1,0,0.847877025604248,-0.5301929712295532,9.369729570016811e-17,0,-0.5301929712295532,-0.847877025604248,5.19174915298008e-17,0,-12.281649589538574,2.419017791748047,-8.642878554228177e-16,1],[7,-0.25252437591552734,0.012756154872477055,0.9675059914588928,0,0.9573988914489746,-0.14145398139953613,0.25175100564956665,0,0.14006900787353516,0.9898629784584045,0.023507826030254364,0,-7.912755489349365,1.844083309173584,-2.4327352046966553,1],[7,-0.19087190926074982,0.18008491396903992,-0.9649550318717957,0,0.7390850782394409,-0.6205690503120422,-0.26200780272483826,0,-0.6460049152374268,-0.7631930112838745,-0.014648874290287495,0,-5.98994779586792,3.9869539737701416,2.5158298015594482,1],[7,0.04694894701242447,0.030966944992542267,-0.9984170198440552,0,0.3426826596260071,-0.9393609762191772,-0.01302114874124527,0,-0.9382771253585815,-0.3415290117263794,-0.05471384525299072,0,-2.823403835296631,6.512921333312988,0.7567905187606812,1],[7,0.18874108791351318,0.11167079210281372,-0.975657045841217,0,0.6262216567993164,-0.7789890170097351,0.03198205307126045,0,-0.7564542889595032,-0.6170140504837036,-0.21695788204669952,0,-4.297406196594238,5.406214237213135,0.46187877655029297,1],[7,0.23364785313606262,0.16110308468341827,-0.9588820934295654,0,0.9124609231948853,-0.37700802087783813,0.15899524092674255,0,-0.3358912467956543,-0.9120919704437256,-0.23508740961551666,0,-5.947312831878662,2.8985068798065186,-0.37306681275367737,1],[7,0.23364785313606262,0.16110308468341827,-0.9588820934295654,0,0.9124609231948853,-0.37700802087783813,0.15899524092674255,0,-0.3358912467956543,-0.9120919704437256,-0.23508740961551666,0,-5.274551868438721,2.8985068798065186,-0.37306681275367737,1],[7,-0.9675840139389038,-0.17235299944877625,-0.18459399044513702,0,-0.19394910335540771,0.03896758705377579,0.9802370071411133,0,-0.16175363957881927,0.9842640161514282,-0.071132130920887,0,0.9921949505805969,-0.15200366079807281,-6.43195915222168,1],[7,-0.491851270198822,-0.031044723466038704,-0.8701260089874268,0,-0.866156816482544,-0.08427978307008743,0.4926149845123291,0,-0.08862712979316711,0.9959579706192017,0.014563530683517456,0,4.903430461883545,0.7901483774185181,-4.090714931488037,1],[7,-0.4683999717235565,0.15324197709560394,-0.870125949382782,0,-0.8358201384544373,0.24235501885414124,0.4926150441169739,0,0.28636863827705383,0.9580090045928955,0.014563646167516708,0,3.7514126300811768,-0.6443893909454346,-4.090714931488037,1],[7,-0.4683999717235565,0.15324197709560394,-0.870125949382782,0,-0.8358201384544373,0.24235501885414124,0.4926150441169739,0,0.28636863827705383,0.9580090045928955,0.014563646167516708,0,2.9771909713745117,-0.6443893909454346,-4.090714931488037,1],[7,-0.4859902262687683,0.40286704897880554,-0.7755720615386963,0,-0.8023731112480164,0.1460849642753601,0.5786679983139038,0,0.34642550349235535,0.9035249948501587,0.252253919839859,0,2.0232722759246826,0.35070809721946716,-4.217301368713379,1],[7,-0.40362003445625305,0.27591198682785034,-0.872331976890564,0,-0.8564831018447876,0.2213589996099472,0.4663010239601135,0,0.3217567205429077,0.9353460073471069,0.14696906507015228,0,1.6045676469802856,-0.2715224027633667,-4.0813188552856445,1],[7,-0.28251615166664124,0.271636039018631,-0.9199991226196289,0,-0.919353187084198,0.19708597660064697,0.34050890803337097,0,0.27381327748298645,0.9420039653778076,0.19404949247837067,0,1.926838755607605,-0.21105584502220154,-3.8481762409210205,1],[7,-0.2624936103820801,0.26938214898109436,-0.926568865776062,0,-0.9311368465423584,0.18119695782661438,0.3164670765399933,0,0.25314193964004517,0.9458339810371399,0.20326846837997437,0,1.7505470514297485,-0.17422805726528168,-3.803677558898926,1],[7,-0.2624936103820801,0.26938214898109436,-0.926568865776062,0,-0.9311368465423584,0.18119695782661438,0.3164670765399933,0,0.25314193964004517,0.9458339810371399,0.20326846837997437,0,1.424694538116455,-0.17422805726528168,-3.803677558898926,1],[7,0.08766312897205353,0.9961119890213013,0.008708393201231956,0,-0.6933905482292175,0.054740723222494125,0.7184799909591675,0,0.7152104377746582,-0.06902247667312622,0.6954929828643799,0,2.6357319355010986,2.1446475982666016,-2.9114551544189453,1],[7,0.08114024251699448,0.9966310262680054,-0.011971413157880306,0,-0.8636361956596375,0.07629812508821487,0.4983089864253998,0,0.49754366278648376,-0.030093954876065254,0.8669170141220093,0,3.0040369033813477,2.0483057498931885,-2.264921188354492,1],[7,0.08165858685970306,0.9966310262680054,-0.007645835634320974,0,-0.8888787031173706,0.07629557698965073,0.45174500346183777,0,0.450806587934494,-0.030092643573880196,0.892113983631134,0,2.851858139038086,2.048314094543457,-2.116466522216797,1],[7,0.08165858685970306,0.9966310262680054,-0.007645835634320974,0,-0.8888787031173706,0.07629557698965073,0.45174500346183777,0,0.450806587934494,-0.030092643573880196,0.892113983631134,0,2.529355764389038,2.048314094543457,-2.116466522216797,1],[7,-0.36073073744773865,0.5587958097457886,-0.7467398643493652,0,-0.7880930304527283,0.24555212259292603,0.5644580721855164,0,0.49878013134002686,0.7921180725097656,0.351805180311203,0,1.425444483757019,0.2569361627101898,-4.09972620010376,1],[7,-0.26540490984916687,0.557159960269928,-0.786850094795227,0,-0.8558822870254517,0.2395770251750946,0.4583319425582886,0,0.4438754618167877,0.7950940132141113,0.41327884793281555,0,1.70936119556427,0.26955196261405945,-3.9118926525115967,1],[7,-0.28315067291259766,0.5790612697601318,-0.7645348310470581,0,-0.8450637459754944,0.22632981836795807,0.4843980669975281,0,0.4535330832004547,0.7832388281822205,0.4252582788467407,0,1.393865704536438,0.3801686465740204,-3.935706853866577,1],[7,-0.28315067291259766,0.5790612697601318,-0.7645348310470581,0,-0.8450637459754944,0.22632981836795807,0.4843980669975281,0,0.4535330832004547,0.7832388281822205,0.4252582788467407,0,1.0815246105194092,0.3801686465740204,-3.935706853866577,1],[7,-0.4342873990535736,0.5344626307487488,-0.7250822186470032,0,-0.6791114211082458,0.3345593512058258,0.6533588767051697,0,0.5917789936065674,0.7761571407318115,0.2176647037267685,0,1.4671286344528198,0.24268317222595215,-4.29176664352417,1],[7,-0.396462619304657,-0.03270721435546875,-0.9174680113792419,0,-0.9170671701431274,0.06035430729389191,0.39413800835609436,0,0.04248197749257088,0.9976410269737244,-0.05392295494675636,0,1.8932135105133057,-0.1738908439874649,-3.89058780670166,1],[7,-0.21175599098205566,-0.03918040171265602,-0.9765369892120361,0,-0.9760969877243042,0.05850899964570999,0.20931300520896912,0,0.04893523454666138,0.997518002986908,-0.05063347890973091,0,2.3613996505737305,-0.1872110664844513,-3.499577522277832,1],[7,-0.10959324240684509,-0.03918038681149483,-0.9932039976119995,0,-0.9925130009651184,0.05850899964570999,0.10720900446176529,0,0.053910840302705765,0.997518002986908,-0.04529924318194389,0,2.4913718700408936,-0.1872110217809677,-3.259324550628662,1],[7,-0.10959324240684509,-0.03918038681149483,-0.9932039976119995,0,-0.9925130009651184,0.05850899964570999,0.10720900446176529,0,0.053910840302705765,0.997518002986908,-0.04529924318194389,0,2.269412040710449,-0.1872110217809677,-3.259324550628662,1],[7,-0.391155868768692,0.03451397642493248,-0.9196770191192627,0,-0.9064211249351501,0.15859101712703705,0.3914700150489807,0,0.15936358273029327,0.9867410063743591,-0.030749624595046043,0,1.8422518968582153,-0.5392972826957703,-3.940385580062866,1],[7,-0.32174426317214966,0.033949244767427444,-0.9462180137634277,0,-0.9329878687858582,0.1588679850101471,0.3229459822177887,0,0.16128741204738617,0.9867159724235535,-0.01944063976407051,0,1.861358880996704,-0.541826605796814,-3.8122901916503906,1],[7,-0.28758758306503296,0.03394913300871849,-0.9571520090103149,0,-0.9439741373062134,0.15886801481246948,0.289262980222702,0,0.16188107430934906,0.9867159724235535,-0.013641366735100746,0,1.7352961301803589,-0.5418270826339722,-3.752446174621582,1],[7,-0.28758758306503296,0.03394913300871849,-0.9571520090103149,0,-0.9439741373062134,0.15886801481246948,0.289262980222702,0,0.16188107430934906,0.9867159724235535,-0.013641366735100746,0,1.4768917560577393,-0.5418270826339722,-3.752446174621582,1],[7,-0.5303491950035095,-0.8477290272712708,0.009240221232175827,0,-0.8477649092674255,0.5303720235824585,-5.220526788640711e-10,0,-0.00490075396373868,-0.007833540439605713,-0.9999570250511169,0,5.21933650970459,-4.705336570739746,-0.2923891544342041,1],[7,-0.5303491950035095,-0.8477290272712708,0.009240221232175827,0,-0.8477649092674255,0.5303720235824585,-5.220526788640711e-10,0,-0.00490075396373868,-0.007833540439605713,-0.9999570250511169,0,4.521821022033691,-4.705336570739746,-0.2923891544342041,1],[7,-0.5303491950035095,-0.8477290272712708,0.009240221232175827,0,-0.8477649092674255,0.5303720235824585,-5.220526788640711e-10,0,-0.00490075396373868,-0.007833540439605713,-0.9999570250511169,0,4.680293560028076,-4.855603218078613,-0.2923891544342041,1],[7,-0.5303491950035095,-0.8477290272712708,0.009240221232175827,0,-0.8477649092674255,0.5303720235824585,-5.220526788640711e-10,0,-0.00490075396373868,-0.007833540439605713,-0.9999570250511169,0,3.385812520980835,-4.855603218078613,-0.2923891544342041,1],[7,-0.9675840139389038,-0.17235299944877625,-0.18459399044513702,0,0.19394910335540771,-0.03896758705377579,-0.9802370071411133,0,0.16175363957881927,-0.9842640161514282,0.071132130920887,0,-0.9921949505805969,0.15200366079807281,6.43195915222168,1],[7,-0.491851270198822,-0.031044723466038704,-0.8701260089874268,0,0.866156816482544,0.08427978307008743,-0.4926149845123291,0,0.08862712979316711,-0.9959579706192017,-0.014563530683517456,0,-4.903430461883545,-0.7901483774185181,4.090714931488037,1],[7,-0.4683999717235565,0.15324197709560394,-0.870125949382782,0,0.8358201384544373,-0.24235501885414124,-0.4926150441169739,0,-0.28636863827705383,-0.9580090045928955,-0.014563646167516708,0,-3.7514126300811768,0.6443893909454346,4.090714931488037,1],[7,-0.4683999717235565,0.15324197709560394,-0.870125949382782,0,0.8358201384544373,-0.24235501885414124,-0.4926150441169739,0,-0.28636863827705383,-0.9580090045928955,-0.014563646167516708,0,-2.9771909713745117,0.6443893909454346,4.090714931488037,1],[7,-0.4859902262687683,0.40286704897880554,-0.7755720615386963,0,0.8023731112480164,-0.1460849642753601,-0.5786679983139038,0,-0.34642550349235535,-0.9035249948501587,-0.252253919839859,0,-2.0232722759246826,-0.35070809721946716,4.217301368713379,1],[7,-0.40362003445625305,0.27591198682785034,-0.872331976890564,0,0.8564831018447876,-0.2213589996099472,-0.4663010239601135,0,-0.3217567205429077,-0.9353460073471069,-0.14696906507015228,0,-1.6045676469802856,0.2715224027633667,4.0813188552856445,1],[7,-0.28251615166664124,0.271636039018631,-0.9199991226196289,0,0.919353187084198,-0.19708597660064697,-0.34050890803337097,0,-0.27381327748298645,-0.9420039653778076,-0.19404949247837067,0,-1.926838755607605,0.21105584502220154,3.8481762409210205,1],[7,-0.2624936103820801,0.26938214898109436,-0.926568865776062,0,0.9311368465423584,-0.18119695782661438,-0.3164670765399933,0,-0.25314193964004517,-0.9458339810371399,-0.20326846837997437,0,-1.7505470514297485,0.17422805726528168,3.803677558898926,1],[7,-0.2624936103820801,0.26938214898109436,-0.926568865776062,0,0.9311368465423584,-0.18119695782661438,-0.3164670765399933,0,-0.25314193964004517,-0.9458339810371399,-0.20326846837997437,0,-1.424694538116455,0.17422805726528168,3.803677558898926,1],[7,0.08766312897205353,0.9961119890213013,0.008708393201231956,0,0.6933905482292175,-0.054740723222494125,-0.7184799909591675,0,-0.7152104377746582,0.06902247667312622,-0.6954929828643799,0,-2.6357319355010986,-2.1446475982666016,2.9114551544189453,1],[7,0.08114024251699448,0.9966310262680054,-0.011971413157880306,0,0.8636361956596375,-0.07629812508821487,-0.4983089864253998,0,-0.49754366278648376,0.030093954876065254,-0.8669170141220093,0,-3.0040369033813477,-2.0483057498931885,2.264921188354492,1],[7,0.08165858685970306,0.9966310262680054,-0.007645835634320974,0,0.8888787031173706,-0.07629557698965073,-0.45174500346183777,0,-0.450806587934494,0.030092643573880196,-0.892113983631134,0,-2.851858139038086,-2.048314094543457,2.116466522216797,1],[7,0.08165858685970306,0.9966310262680054,-0.007645835634320974,0,0.8888787031173706,-0.07629557698965073,-0.45174500346183777,0,-0.450806587934494,0.030092643573880196,-0.892113983631134,0,-2.529355764389038,-2.048314094543457,2.116466522216797,1],[7,-0.36073073744773865,0.5587958097457886,-0.7467398643493652,0,0.7880930304527283,-0.24555212259292603,-0.5644580721855164,0,-0.49878013134002686,-0.7921180725097656,-0.351805180311203,0,-1.425444483757019,-0.2569361627101898,4.09972620010376,1],[7,-0.26540490984916687,0.557159960269928,-0.786850094795227,0,0.8558822870254517,-0.2395770251750946,-0.4583319425582886,0,-0.4438754618167877,-0.7950940132141113,-0.41327884793281555,0,-1.70936119556427,-0.26955196261405945,3.9118926525115967,1],[7,-0.28315067291259766,0.5790612697601318,-0.7645348310470581,0,0.8450637459754944,-0.22632981836795807,-0.4843980669975281,0,-0.4535330832004547,-0.7832388281822205,-0.4252582788467407,0,-1.393865704536438,-0.3801686465740204,3.935706853866577,1],[7,-0.28315067291259766,0.5790612697601318,-0.7645348310470581,0,0.8450637459754944,-0.22632981836795807,-0.4843980669975281,0,-0.4535330832004547,-0.7832388281822205,-0.4252582788467407,0,-1.0815246105194092,-0.3801686465740204,3.935706853866577,1],[7,-0.4342873990535736,0.5344626307487488,-0.7250822186470032,0,0.6791114211082458,-0.3345593512058258,-0.6533588767051697,0,-0.5917789936065674,-0.7761571407318115,-0.2176647037267685,0,-1.4671286344528198,-0.24268317222595215,4.29176664352417,1],[7,-0.396462619304657,-0.03270721435546875,-0.9174680113792419,0,0.9170671701431274,-0.06035430729389191,-0.39413800835609436,0,-0.04248197749257088,-0.9976410269737244,0.05392295494675636,0,-1.8932135105133057,0.1738908439874649,3.89058780670166,1],[7,-0.21175599098205566,-0.03918040171265602,-0.9765369892120361,0,0.9760969877243042,-0.05850899964570999,-0.20931300520896912,0,-0.04893523454666138,-0.997518002986908,0.05063347890973091,0,-2.3613996505737305,0.1872110664844513,3.499577522277832,1],[7,-0.10959324240684509,-0.03918038681149483,-0.9932039976119995,0,0.9925130009651184,-0.05850899964570999,-0.10720900446176529,0,-0.053910840302705765,-0.997518002986908,0.04529924318194389,0,-2.4913718700408936,0.1872110217809677,3.259324550628662,1],[7,-0.10959324240684509,-0.03918038681149483,-0.9932039976119995,0,0.9925130009651184,-0.05850899964570999,-0.10720900446176529,0,-0.053910840302705765,-0.997518002986908,0.04529924318194389,0,-2.269412040710449,0.1872110217809677,3.259324550628662,1],[7,-0.391155868768692,0.03451397642493248,-0.9196770191192627,0,0.9064211249351501,-0.15859101712703705,-0.3914700150489807,0,-0.15936358273029327,-0.9867410063743591,0.030749624595046043,0,-1.8422518968582153,0.5392972826957703,3.940385580062866,1],[7,-0.32174426317214966,0.033949244767427444,-0.9462180137634277,0,0.9329878687858582,-0.1588679850101471,-0.3229459822177887,0,-0.16128741204738617,-0.9867159724235535,0.01944063976407051,0,-1.861358880996704,0.541826605796814,3.8122901916503906,1],[7,-0.28758758306503296,0.03394913300871849,-0.9571520090103149,0,0.9439741373062134,-0.15886801481246948,-0.289262980222702,0,-0.16188107430934906,-0.9867159724235535,0.013641366735100746,0,-1.7352961301803589,0.5418270826339722,3.752446174621582,1],[7,-0.28758758306503296,0.03394913300871849,-0.9571520090103149,0,0.9439741373062134,-0.15886801481246948,-0.289262980222702,0,-0.16188107430934906,-0.9867159724235535,0.013641366735100746,0,-1.4768917560577393,0.5418270826339722,3.752446174621582,1],[7,-0.5303491950035095,-0.8477290272712708,0.009240221232175827,0,0.8477649092674255,-0.5303720235824585,5.220527343752224e-10,0,0.00490075396373868,0.007833540439605713,0.9999570250511169,0,-5.21933650970459,4.705336570739746,0.2923891544342041,1],[7,-0.5303491950035095,-0.8477290272712708,0.009240221232175827,0,0.8477649092674255,-0.5303720235824585,5.220527343752224e-10,0,0.00490075396373868,0.007833540439605713,0.9999570250511169,0,-4.521821022033691,4.705336570739746,0.2923891544342041,1],[7,-0.5303491950035095,-0.8477290272712708,0.009240221232175827,0,0.8477649092674255,-0.5303720235824585,5.220527343752224e-10,0,0.00490075396373868,0.007833540439605713,0.9999570250511169,0,-4.680293560028076,4.855603218078613,0.2923891544342041,1],[7,-0.5303491950035095,-0.8477290272712708,0.009240221232175827,0,0.8477649092674255,-0.5303720235824585,5.220527343752224e-10,0,0.00490075396373868,0.007833540439605713,0.9999570250511169,0,-3.385812520980835,4.855603218078613,0.2923891544342041,1],[7,-0.15363046526908875,-0.1284409761428833,-0.9797449707984924,0,-0.9878249168395996,0.044549595564603806,0.14905698597431183,0,0.024502232670783997,0.9907159805297852,-0.13372130692005157,0,3.860886573791504,-0.14059889316558838,-1.0734214782714844,1],[7,-0.14036348462104797,-0.14282003045082092,-0.9797449111938477,0,-0.9874569177627563,-0.05205799639225006,0.1490570306777954,0,-0.07229185104370117,0.9883790016174316,-0.13372156023979187,0,2.268044948577881,0.0811112